$ANSIBLE_VAULT;1.1;AES256
61373966333830306236316234383136626534393364626364313130666431366431353662386138
3964386164383630393566363639303966303162613461300a626230656163316633346365333130
61646233633466666361366466653462626235376130303536333631663832333838383766386633
3565383839333764630a623433366531663231666132663162623939626137363939353237346535
35666239363066303131336335373936303266343537313130343264303661373065626136646339
37636338343039396661613061356536373036643130343431373733636664613533353530626133
63643761653330386665393161666233393631393938306364316337383261376532323166626532
39383661633538363132663334306264363464383838313165333237393865303935323533336564
37643232623236336636366666373231646464306639376632643631303562303538326434316430
66663733633536313739343365363361626266643564343761356233663463363531633738633164
38316633386431316362633738666166666562646566366661333532363831653332616262663534
33353065353036616330343865646366313263383737333037393934353731643631336237373132
32363961633663656563373036656662633934613538643135323731376165663538343037633030
32326433613936366339313365613566396537646335373339323864393437326463373461386364
35313238613964623234633439363637633636333735656336636363366566333634313563393434
37336535363239326234303832303438356630326366656232383661373338333665623562383736
31333762353062303365333839396532643031396439623431316564383062353261313735313531
62643765613731366337316433373565306632333635313136653965663162396662383265626232
38363134323238343262613831613532396162353363636664306532633537363336636136333266
66323030393762323436626164666136353061303536353865636332323232666532373034343336
35303030303832363664616432393462313236643661383736343861383538333231643162323538
65633965666535366162356531653162376534323231653235353961386636313836303339383037
65363566643439613734326633336263393135336662353162663939633365333933356335626634
64343261383565323335663432303264356437653163313436393036323638636166616230376639
38323231373264363964643961333836613462343830663165343562653961363735636237396265
32386132323736313332623063353762656532353766376339326531333734346630656164663032
31363166303334346135626366646137613661623133306231663836356630643564346263623430
32363932393331356533316166333234343063373662356630633739316432623165626462656136
62656261383864633439376262316635356134356230323961313036303163353232663362396563
62306266323436363366633030626336623361313066366665393439653962653038333636623161
36633733303136663766383231623733623839633662393433623831633530313334633536313139
36363431613635376336393634653863636332393165383839393130386465313230656131343239
34323435373535306538313531373332663063313365633862393133336238313739653637646666
33653734613133336266643938616537643664623033383535333566363938383463386365656338
66623531363838663665656630303633656164616538343632613537663338383966376661366431
35643433653861323165323130663332326237643961373935666534626162633264323130313934
34313338623733363831333066356135356138313730396466333539643538616438643031613765
31333531323265303133643864366537616232623438356234306565663836323364333835636630
35346432356630633566623663363138383961633537356636376438366539303763336438643330
63356163663064376436636663376231336363313137636531363638396530613736376439323163
62666163653566643138643238366630303934333036656439356165336431666662383966363463
34396631376465313064653962643537636366333365363731666336643034616130393137633131
61663734613837316466316561323239623130353562393661363462346538303634323538316332
34623631326333646232316137313666386231613263376437333237643234393164313662616265
38303137323337306234303131343163613561613338313162626437633166313164313735353562
38386534353232396632383161623631653835396663663332316464373334303731363135303038
39373961626561616662346436323232386636373537333530383039656233353566396130363935
33626563663965323435306435636661363537653262616564363837663162613162663434326364
64396466353830653138623162343136376163653930656439373765636438653338353336343437
63356231303332633832333161303738303766643437393439653130393464343938633965633039
66303838653565316261386531383532323631343234353566353865333434386632663063313737
33366631333134303565383832336539656635346233356231346165613038323135393837626533
61303638663064383265336566666465323533353038386363376465363362653362616439363230
36366163303562306134396437613637326237363662366663626237386264376237386161643261
33613961383931313637646361653339653932323339633239616263633965613036336462393464
33336534656433373866623261386237393335353537303931616166306238376563316338326631
64336631623363376261643936323136616165336337633439656139613364306439363434313636
37663962643664336263343465373434343066666238366538393162313433626261636364626465
34616135613237383537353664373530396333666535363566333361346133336162666538336331
65616366303535366231373736313137396631366537666138656534366563393563333166623135
62373937643161623836626661663663663739343164353133313636376135303331623332346435
63643763373639663335373536383833306139313765663038326131373037643430623239343937
38646463313362353032383566303662626130323735376334616333633930323037623432663632
65633935363465613239333231613463323730363235393166303635366264363538343237393531
33326361656633313736366135656364346634303636386433633262396238346365393936346339
37376465656363383364396363613765316666323435663135366634313565383762386663336666
32373763316532313964313535616633313036636665613032323830363431386361653565376635
63333665383733656632633338316663333839636264383261313762326363376536636564373362
36613231626632363032343838393934363466363835643033356333386264306231366533373337
31643965653333356638626664393832633033396365656430626162373639663733396162336438
34643737616266326432613165376332396137386366616366386366626135616534323632613431
38663138623232626361303961376436353731333961316131633466346465393062643132323631
62613264373039353863656361623438353634313766643838363762346139646562343165613465
64396337363164303863393161656563393739666664316536313935363837383138316666373138
61376439626137326530396362636237636531303437393966316164353461366530306533333561
63383162636430653635396466323866366134316232323432623139336130316264383736386337
61383736386132636139646564643134666637636631353265623736356332376137313661623262
35323738623264353939366561386663326230623236333762333230313036326564666562383134
65353665653362636132363561333861316434366465343639383366396462306165396437653836
37636561626661623663333364643933313965646637323331396563636364626264376338623461
37316239316339316364356439333839333538663534353162663237376138373432306430326265
33663838343136313264333732353235373931646336613561363036383964623131666338616233
65623036336563666339373438633536363661306633383932336466663932393336613538313338
61353761623337366235376266306663353737303237393233366638333839303566366233313530
63356535356131366431356362333836616632643832613266353232646434626336623736363862
65346461336536623639653464616332306537346639373331346132376539616533636533383838
65383665373235363939623138336633376433636636316239373839393638663630393436373638
64306635383236323533366363613962366164373430303730616662333965363533396234613563
61336261333834366465613039623161396636613663383832663637373935613431383162393936
36336636306130383630366565643735323037633862306636303833623363306331353930383163
36343030353431326238656532333430353664303661323037306339383266656532383562323432
33316134306466343930646461393639646662366230393836653531393064663631623464323366
35643861386139653562333361306635383437333165326466343834346239333631653537326438
31303036316439353135376165633433626434343430653330316665616637353265373635613135
65366130653531313366323866393937613561636637343139616533366261613532653239323637
36383264636431346336653639616362313137666230376264373438626265636662616239363232
33613865316664316265333166333432313732363938353231376136653933636438633863636136
62366365653039333733663963333234343933333865633135306338366163306264626231343435
61353836376135346162376238653333396361626433303532363462366339636166363435383663
32646166616361363461316233636232333138653838316636646663616534656536666566633139
66383839626566373732363631333161646166646137623736363730613564663261376163366534
33613763643737363234383461616162363662333965646461333037666263623663336534643631
32386166623138623061323135623631383931316535363462383835303837623130373161393966
38363733333465393734333337386163616264313439366537313332623536363038336261316539
39336234616433663732656132646439396564333264383333383039643435326231326161653762
66666137653430393634333932626466633962376161613663336439373337633830656266646434
35343132333164343638383331663138383038663339356132343130313432303331383836663664
33336463363535353331613537346265373435643963343965396330656232366663643238306236
64383664393431653439303333316464306165366334366566323861333265366462373235383335
39336532633431356535616338336230393635613035373137366437306238646334376432373630
65396234663261663665373437386665633137323465653233613332656166396661316333326233
36636437323033363031613964613537633132636563343064326531313364656538626130356161
65643031346337373234373164366635343233386536346566636666376138316530393366333334
36633339636662653065663937666263383265623030346161666662653934366462386663323861
30613033343562356332643431663266616437653363343332656130393537313362663762666130
66353836333337663064303966326633303332343366643062633832376164646661363833303036
30303431323434383038383833363036623162396563643532316161643033653761363639393434
32633131643866626466623031323138363232646239613833336532303263646632653364653735
39616134373534373539383238313266653032363432343564653831303435313962343437386566
36646138346131663338323635353463303433636633663864343961663936643336373435393065
61653134653637343036333561373839343330323862316365663139353631313630666661336138
31333235393832343366316361323232613063636236633962653735623765653130616133623139
32636635373462353264613761303735366338393563306635383562663635646339613032613464
34383730366435363033333533663139363665376464653132346264316166653763646136313163
35396638386361326465623530306338313137653364613961313762633433613662366237316436
35383931386637326431656134646635393931366361633339356461326435326532343637353338
34316464363165666339313237316430323562646234633163363130613065393435656363386463
65343264306138336435656534623037333138363134613937663535373662366230386164356139
39626231373063363462343137303962663330316338383566626166653866393263656230646465
32386138353532373661623263373665393438313334613132336662323761366331616137306534
31616466306333303364613931366134396264303461343137653038343635313161353961396137
61303430356632303139343330396131666630366463633236393764326165366630323261656433
38353133643537386339636537636164373161343232323634366630393236623234333432373863
34373634383634383932633034336339666331363038393864373631663364326132323434653333
623237613538633863656334393531383339
